0 0.0008306178518944213 0.7607871028923661 0.0040253018976423045 0.7971392445076656 0.25274648866638855 0.6025111799105607 0.35445114851275544 0.5088592127083879 0.38150265222351604 0.48442000523697293 0.4266374980887525 0.4582351400890285 0.42075673641250017 0.4573623112507637 0.38062053797207823 0.4800558610456489 0.35209884384225454 0.5042041255709755 0.25065570492690215 0.5935236100200749
0 0.0013432194283258111 0.8903065745171008 0.0 0.9301789828105617 0.3080449888960527 0.5943646996278575 0.36457809795052215 0.5271676566744946 0.4011094357886115 0.4889487498273241 0.4423831293746813 0.45965198945075103 0.43731313447364756 0.45750200665061347 0.3958840332823437 0.48645510835913314 0.37574891067538124 0.5042282995069373 0.32142857142857145 0.5611051438119107
0 0.6842153118748865 0.8056430249412705 0.7084621446323575 0.8101414504923276 0.5728314238952538 0.5752236717148997 0.5252620895374599 0.48130798199687697 0.5230960603022539 0.4702856617984752 0.5198470164494449 0.46906095955420835 0.5229413439283106 0.4849820887296775 0.5721411508422759 0.587857077248094
0 0.00026267402153925623 0.5324886289798569 0.0015760441292356046 0.5493827160493826 0.3530303981254838 0.45510531490969314 0.3457080692064688 0.45225896599906845
0 0.38905225931691945 0.44004659344839064 0.4087528109323647 0.43633813531117766 0.43167537638422293 0.4295167743921206 0.4345526937912156 0.4312096029547553 0.40935672514619875 0.43859649122807015 0.3907708100037327 0.44244382887042166 0.38789349259674005 0.44075100030778697
0 0.4494089834515366 0.44321637426900584 0.45218676122931445 0.4435672514619883 0.4723859186855897 0.4280226892778851 0.46896735800482275 0.42854308555965365
0 0.4542741212326804 0.4451307170410268 0.456969524846362 0.44571616285801635 0.47712194005948294 0.4279182676555565 0.4753659486166801 0.4277196953901448
0 0.5169291180831029 0.4507879869164436 0.5180310133429499 0.4521756368321935 0.5131726569699885 0.45118445832094356 0.5130223985254638 0.4514818118743185 0.5125716231918901 0.45068886906531863 0.5120707617101414 0.44940033700069376 0.5113695556356934 0.44731886212706906 0.5092158512641745 0.4401823768460699 0.5104680049685459 0.4401823768460699 0.5129222262291141 0.44801268708494396 0.5131726569699885 0.44860739419169393 0.5139239491926113 0.44930121914956883 0.5148254998597588 0.4496976905540687 0.5166786873422287 0.44959857270294373
0 0.5038014454962679 0.42533192781668044 0.5072257903049611 0.42566657463879054
0 0.45622330056820537 0.42092805112195697 0.45866735396410646 0.4210746163654751
