0 0.28553263127731215 0.7892964735069998 0.3491116842180672 0.6430976430976432 0.3620961386918834 0.6422115895800107 0.2976216061322444 0.7928406875775297
0 0.5390293947098443 0.6351649564161979 0.5510423382763808 0.6351231614389509 0.6773049645390071 0.951444267233741 0.6562611934952362 0.9425837320574162
0 0.37687155240346737 0.46660733960505124 0.4319474423544729 0.42762098482922273 0.433403570082571 0.42795999660988215 0.38483742762188644 0.4662683278243918
0 0.46833839918946296 0.4634658786269156 0.4711737664262275 0.46421401763114256 0.46625912988250234 0.4478796493721867 0.4641168524147247 0.4478796493721867
0 0.460054840837869 0.4388429892560859 0.46104273187091094 0.43841799265605874 0.45674755346638074 0.4282180742554059 0.4565327945461542 0.4311080511355909
0 0.0032834252692408718 0.6055880441845354 0.16471850100691707 0.6045050898852068 0.15979336310305578 0.6185834957764781 0.0016417126346204359 0.623998267273121
0 0.29392820958170507 0.4616302661415443 0.3910840932117528 0.4606754982694832 0.3883099339026391 0.46282372598162064 0.290249433106576 0.4637784938536818
0 0.29441067207024657 0.46115288220551376 0.29579775172480344 0.46282372598162064 0.2926014377382159 0.4646139157417352 0.28433926762194245 0.46747821935791856 0.2927382900787156 0.46751494119915166 0.38638008394847306 0.4646139157417352 0.38438992618323925 0.46628475951784215 0.2710112413759831 0.4690297171500179
0 0.18161895394384908 0.4728945234131558 0.2952925747614364 0.4472830494728305 0.2952925747614364 0.44984419686686306 0.20060050732515397 0.47076023391812866
0 0.22207768013156545 0.47006102212051865 0.2940275208140611 0.4522629036359013 0.2940275208140611 0.45385202135774216 0.22512912426765344 0.4713323162979913
