0 0.662654917974067 0.8043593833067517 0.6805645103517444 0.8070175438596491 0.5530569490092064 0.5557932772310179 0.5124545926310328 0.4825750011886084 0.5078898306713564 0.4649835972043931 0.5042860712295066 0.4649835972043931 0.5093313344480962 0.48495221794323207 0.54993369082627 0.5662530309513621
0 0.0008020938872003566 0.8738512949039264 0.0007141449960598701 0.9032651072124755 0.39718774625689524 0.5060916179337231 0.4174647272289229 0.477464893656647 0.44607444549848674 0.4584683577308452 0.44325111803767453 0.4554885089581704 0.4146413997681107 0.4729951204976348 0.3948781075424252 0.49795135396878615
0 0.0015760441292356046 0.7807017543859649 0.0015760441292356046 0.804093567251462 0.34830575256107166 0.5324886289798569 0.3817966903073286 0.5012995451591943 0.40478066719201466 0.47270955165692 0.4356448647228789 0.4519168291098115 0.4067507223535592 0.4649122807017544 0.38245337536117674 0.4961013645224171 0.34961912266876805 0.5272904483430798
0 0.15899620728948757 0.5052589507341495 0.1996020205112506 0.4947410492658505 0.2013027875571883 0.49011317261979886 0.15708284436280764 0.5006310740880979
0 0.30165792225825444 0.4684775755994695 0.30484369919235055 0.4695645557512119 0.3760293355128441 0.453042457444727 0.37097603416910535 0.45173808126263615
0 0.3997725143851198 0.445106476884034 0.4030621347963781 0.4457685093236235 0.43489896962397967 0.4373827650888227 0.4309960301529952 0.4362793776895068
0 0.503775584915145 0.4528739671469377 0.5055968993942308 0.4528739671469377 0.5024551319178077 0.4507113958496652 0.5017266061261734 0.4502608601627335 0.501316810368379 0.4494498959262562 0.5009070146105847 0.44854882455239276 0.49822057575393314 0.4384568251651213 0.4971277870664816 0.4380062894781895 0.5000874230949961 0.4493597887888699 0.5003150874048818 0.4502608601627335 0.5004516859908132 0.4507113958496652 0.5007248831626762 0.45134214581136967 0.5009070146105847 0.4517926814983015 0.5015444746782648 0.45251353859739224
0 0.4530870019510482 0.4483824729141411 0.45636186548555824 0.44815373941154496 0.4726976553518205 0.4352684187652966 0.47065568161853777 0.43481095176010437
0 0.44988919402911465 0.44662884939423747 0.45143030628064884 0.4468575828968336 0.46726523466516257 0.4351921742644312 0.466224983895377 0.4351159297635658
0 0.4587545428883949 0.43017369293881474 0.4663627783070463 0.43017369293881474
0 0.4970394347294043 0.43159305189380376 0.4992324460409567 0.43159305189380376
