0 0.5753456551328892 0.8123338649654439 0.5923597678916828 0.8123338649654439 0.45988251307400246 0.46065922381711855 0.45844974568378827 0.46136806663122454
0 0.0006581775198796599 0.8219696969696969 0.001665592091124018 0.8412413609782031 0.3487857976479038 0.5255385298689762 0.36644898944494386 0.507783543365456 0.3816406119934739 0.4843093649617001 0.38594913510604234 0.4770800680856802 0.4024900053222432 0.4649275894798077 0.4100549858277678 0.4596110057877684 0.4059999837799918 0.45951069784237614 0.3847325216962753 0.4729508352858259 0.3798694624319046 0.48071870497499786 0.3644516394285127 0.5019069412662089 0.345691436116968 0.5178863073599915
0 0.0014775413711583924 0.7555555555555555 0.0014775413711583924 0.7789473684210526 0.15041371158392436 0.6637426900584795 0.2771867612293144 0.5625730994152047 0.34131205673758863 0.5116959064327485 0.3640058860423602 0.49307793292755697 0.379203454431418 0.4751760353264113 0.39521240337060726 0.46098374771284034 0.39877668955683143 0.45924997679383645 0.3984014409546324 0.45832173025155487 0.39568088858869 0.45924997679383645 0.3791699500919359 0.47373062285342993 0.36387856955232845 0.4913673071567809 0.3405193440654434 0.5101178873108698
0 0.0 0.65135739076689 0.16304617368447155 0.5672105672105673 0.1717254376828845 0.5688463583200425 0.0 0.662292587838159
0 0.00024025062945664917 0.5705320211096848 0.00024025062945664917 0.5781391147244805 0.05477714351611601 0.5581704939856417 0.05357589036883277 0.5534160604763942
0 0.0009610025178265967 0.6042884990253411 0.00048050125891329834 0.6123710359910617 0.025947067981318114 0.6004849522179432 0.025947067981318114 0.5928778586031475
0 0.3228000117573452 0.4719911086182003 0.32332489323910657 0.47334143529338446 0.3494115028826491 0.4632659208708569 0.34547489176943846 0.4631620495881504
0 0.36821843165126744 0.4553610394144566 0.36979363567169216 0.4563585580867592 0.3798749414024104 0.45305427748475663 0.3958790142499256 0.4460093018616192 0.393988769425416 0.44563523235950575 0.3790558353117896 0.45143330964226486
0 0.39923167848699764 0.4437426900584795 0.4006501182033097 0.444093567251462 0.4032210401891253 0.44181286549707605 0.4023049645390071 0.44163742690058483
0 0.4091016548463357 0.4395906432748538 0.412145390070922 0.43953216374269005
0 0.39934988179669034 0.437719298245614 0.40097517730496457 0.4376608187134503
0 0.4136319320984114 0.45388628804716197 0.4213183333014726 0.4467142699516086 0.42139798512741106 0.44813291089358614 0.41343280253356524 0.45585662268879745
0 0.45880385789754274 0.4504455900571474 0.458736543939859 0.4515112762924776 0.4582653462360728 0.4511782493439369 0.45759220665923517 0.45084522239539626 0.45715466593429077 0.45031237927773116 0.45678443916703015 0.45004595771889866 0.45648152635745326 0.4493132984321091 0.4546640494999919 0.4403215708215109 0.45523621814030385 0.4401217546523865 0.4567171252093464 0.44778137446882205 0.4568517531247139 0.44831421758648715 0.4570873519766071 0.4485140337556115 0.45742392176502583 0.4491800876526929 0.4578278055111284 0.44937990382181725 0.45853460206680774 0.4497795361600661
