0 0.41628122109158183 0.46701326160557766 0.42290818010181175 0.4684852864426513 0.4529390047102679 0.4418887268549207 0.4530134400438275 0.43850074388321775
0 0.5143661012799621 0.4776680103711274 0.520534477878002 0.47842502696871625 0.5145573687713741 0.47378830030848423 0.5137922988057257 0.4717065046651147 0.5104929345788672 0.46688052385548545 0.5051852616921818 0.4538219875470769 0.5033204036509139 0.45448437706996725 0.512023074510164 0.4749238252048676
0 0.49723570658036675 0.44349344234372334 0.4989571140030756 0.4431385908136036 0.49422324359062636 0.43646738204735136 0.4936494411163901 0.435473797763016 0.49318322660607306 0.4336995401124169 0.49214320962151986 0.43362856980639297 0.4927528747503959 0.4369641741895191 0.4933266772246322 0.43788678816783055
0 0.3640233665673074 0.8042630731417917 0.3999982869085552 0.6864564793626579 0.41241819988350975 0.6889990677176032 0.37944118957069933 0.8034155436901432
0 0.677947373830815 0.8042630731417917 0.656105457909343 0.7534113060428851 0.6483965464076472 0.7118823629121113 0.6591033679377805 0.7101873040088144 0.6698101894679137 0.7542588354945334 0.6890824682221537 0.8068056614967369
0 0.0005472375448734786 0.5806800952999784 0.18715524034672967 0.6023391812865497 0.1773049645390071 0.6218323586744638 0.0027361877243673935 0.6077539527831924
0 0.32942748483914075 0.4518433765573353 0.3300428721528012 0.4501995730065906 0.3311234453695138 0.44930078820239 0.3315345873162709 0.4521484871599288 0.33230547846644054 0.45357233663869817 0.4302113594192079 0.46125898269701715 0.42777696631340917 0.4634001097327606 0.3323982922268093 0.4559075965203223 0.32922201583549104 0.4529843126334354
0 0.3327399714811062 0.4524041585445094 0.33098099365829864 0.4492713264643089 0.3297497091823333 0.4501995730065906 0.3234173890202259 0.45252018936229466 0.30430316334571655 0.45576905226028036 0.32475330204768127 0.45968985481946983 0.42297580213252833 0.46821764556318335 0.42561306133047694 0.465541236768504 0.4211500073031793 0.46500595500956815 0.40978950614278525 0.4640692119314304 0.3230655934556644 0.456697298802562 0.3260558557544373 0.45484080571799873
0 0.2264721115371442 0.4484119604074969 0.333502493546851 0.433740417002459 0.3325627145828634 0.43560019011013984 0.233677083594383 0.4496518091459509
0 0.2574848173487373 0.45109829934081375 0.33089199642466305 0.4395263777819106 0.33089199642466305 0.4415927923460004 0.2645853695210886 0.45275143099208565 0.2587378559673875 0.45109829934081375
