0 0.4706584909377463 0.45748050682261215 0.516369927107959 0.5247928849902534 0.6438078703703705 0.7081505847953217 0.713283096926714 0.8135964912280702 0.730644208037825 0.814327485380117 0.5108599290780141 0.5095029239766082 0.4764624223431744 0.46124031007751937
0 0.46672668462623923 0.4592003263973888 0.4951321311415323 0.5092932589872614 0.5483132575331157 0.6080014851944677 0.5755187811925401 0.6813329620347164 0.6050696086157079 0.7955072867353569 0.6205486134564149 0.7982920263622018 0.5854863221884499 0.6796157059314953 0.5544579533941236 0.6044277360066833 0.46925924170865646 0.45962437645710413
0 0.4399512032490756 0.45709001849352726 0.43957234648724014 0.5772979457189984 0.44602450909441793 0.576858813700919 0.4418029623196797 0.45679675378923495
0 0.3608964256127377 0.5125706002898985 0.31871703946172036 0.564802319188284 0.3258913494475805 0.5656402912042009 0.3877952557030572 0.4820812715549558 0.3879215412903356 0.47758284600389866
0 0.24092511769816732 0.5270655270655271 0.1931891657068962 0.5543059929024842 0.2021397211366817 0.5541830767394677 0.341069588410014 0.47183485779977014 0.3406907316481785 0.46858599490178443
0 0.0005575627815692046 0.5147302217808672 0.0009757348677461082 0.5232814741255655 0.09018577991881886 0.5012137261392474 0.2885387394620634 0.45156129317003196 0.2857509255542174 0.44825113097208424 0.15583879744859272 0.4774908970539556
0 0.20794551878689044 0.4937144016947647 0.04783445474934834 0.5508072174738842 0.05197327157813487 0.552750924931376 0.2582259854296329 0.4782790309106098 0.32058426207362384 0.45679675378923495 0.3414691056035035 0.4499498928086666 0.3417255119152013 0.4483007953723789
0 0.43401578064698637 0.45609036837107014 0.4169672263643895 0.5745489078822412 0.42353407690287126 0.5757984705353126 0.43565749328160674 0.45609036837107014
0 0.2953542058151987 0.5613035437596842 0.3499095795195086 0.5063227870245414 0.38830039805217115 0.46633678212625584 0.38830039805217115 0.4703353826160844 0.35294043361419253 0.5073224371469985 0.30002677254450305 0.5645524066576698
0 0.1728571861550585 0.5510571300044985 0.17790860964619828 0.5520567801269556 0.249512537633105 0.5150697255960415 0.34043816047362147 0.46683660718748443 0.340817017235457 0.46408756935072726 0.25304853407690286 0.5105713000449843
