0 0.523028980475789 0.5050505050505051 0.6693365735918928 0.8044002780844887 0.6915280263361393 0.8077007159643657 0.5294127394445549 0.5081980652565994
0 0.46147867482755267 0.5006809260594408 0.3946915968192564 0.7998405103668261 0.40919836664517517 0.7987772461456673 0.46478756545370187 0.5010930753675465
0 0.0 0.8721424774056353 0.2111182749480622 0.6733120680489102 0.2130883301096067 0.6835902888534467 0.0008119573142440662 0.8918675192654533
0 0.0 0.650932887774993 0.23584374648204434 0.5367585630743525 0.23104925817233224 0.5429522081064732 0.01553201679302188 0.6503327283726558 0.0 0.6591550715870136
0 0.0 0.5201815728131518 0.12378283654879399 0.49400891506154665 0.14899403197275538 0.49278207172944016 0.003926333713567756 0.5283605283605284 0.0 0.529178423915266
0 0.00037448031303492096 0.5648820326678766 0.00041329828563871124 0.5688463583200425 0.1582932433996264 0.5214084161452583 0.2816168378576669 0.4827082072998589 0.27626711910002444 0.4819520064529139
0 0.5128949065119277 0.5046074782916888 0.5625044773980944 0.6424774056353004 0.6178451178451178 0.7980684033315613 0.6341428469088044 0.8009037745879851 0.5322372662798195 0.5428849902534113 0.5170141127587936 0.5042530568846358
0 0.4507486209613869 0.49893673577884107 0.34060462783867035 0.8009037745879851 0.35224586288416077 0.8072833599149389 0.4539723475893689 0.49964557859294706
0 0.0005628729032984351 0.8074352548036758 0.20432286389733198 0.6442495126705653 0.20460430034898122 0.6531606794764689 0.0016886187098953058 0.8202450570871624
0 0.00037448031303492096 0.6372252470256101 0.14048616206081352 0.5742085097801977 0.23792746800358683 0.5293405928614641 0.23945595907719897 0.5253075216777576 0.1364101858645145 0.5709316394434362 0.0005018545691692651 0.6311756402500505
