0 0.3231171901384668 0.44008831602816567 0.33952091474887836 0.43388232485976846 0.34084768659236747 0.4341210168277837 0.32444396198195596 0.44080439193221144
0 0.6300236406619385 0.8715699505173189 0.5204582651391162 0.5944669365721997 0.5350063647935988 0.5935672514619883 0.6759410801963993 0.9363472784525415 0.6759410801963993 0.9462438146648672 0.6591198399709037 0.9444444444444443
0 0.3184510336502188 0.7900958068931193 0.3850975806045973 0.5928829165111359 0.39641491876666163 0.5928829165111359 0.3329120768573009 0.7938285429886773
0 0.20176082171680118 0.6351078846541641 0.21568707372082283 0.623008671103045 0.21636640308687263 0.6122538146131613 0.19530719273932776 0.6270417422867514
0 0.68687654961656 0.49208386820710315 0.7969113379077054 0.48828032139970523
0 0.6832754378347083 0.48806540159923617 0.7909851884016017 0.4840076381429765
0 0.7095696434602209 0.4995226160639694 0.7913470352680079 0.49713569638381666
0 0.74430694263521 0.5176632056331304 0.7929150383557677 0.5124119823367943
0 0.714394268345636 0.5097863706886263 0.7804916292758237 0.5052512232963361
0 0.4969777562862669 0.5927033492822966 0.4983209757145927 0.5920388091440723
0 0.26687680588389806 0.792722547108512 0.28001050696086155 0.792722547108512 0.37115839243498816 0.5933723196881091 0.36347517730496454 0.5929824561403508
0 0.549251379038613 0.8026602453847036 0.5663445047049552 0.8055268891182205 0.5037662819264821 0.592821924091274 0.49710286005655213 0.5916752665978672
0 0.3734106446872404 0.4553676483501045 0.4109481822247779 0.4284986741127092
0 0.36968351330053456 0.45448957729659484 0.40775349817903006 0.4267425320056899
0 0.453204552261156 0.45349222111883486 0.4553551515614944 0.45396510143282737 0.4520894266980176 0.41156349994483066 0.4516115157423869 0.41156349994483066
