0 0.39321405544809795 0.7950558213716108 0.42343649258542876 0.6648059542796384 0.4395551257253385 0.6634768740031898 0.41537717601547386 0.7950558213716108
0 0.6699172576832151 0.803030303030303 0.6108520353638395 0.6817271489225346 0.6282586871336507 0.6841304173676199 0.6893843712555459 0.8034927501401906
0 0.0009850275807722617 0.8645224171539961 0.15070921985815602 0.7212475633528266 0.15612687155240348 0.7290448343079923 0.0014775413711583924 0.8898635477582847
0 0.004432624113475178 0.8099415204678363 0.14479905437352245 0.6890838206627681 0.14726162332545312 0.6988304093567251 0.003940110323089047 0.8304093567251462
0 0.34249408983451535 0.804093567251462 0.3543144208037825 0.8058479532163743 0.4021867612293144 0.6619883040935672 0.39273049645390073 0.6584795321637427
0 0.620259019426457 0.7987541317060768 0.6377325521636344 0.7992626493770658 0.5876246274026108 0.6782354436816679 0.5773460787336828 0.6767098906687007
0 0.32895645618978836 0.44186216794071986 0.3508605753481966 0.43375899403489243 0.3538205914506842 0.4341495084399925 0.3325578091144816 0.4434242255611204
0 0.7727142035652673 0.5344818502713239 0.9997044917257684 0.5559584358292106
0 0.7671087777470756 0.5284802916381863 0.9997044917257684 0.5489478702657257
0 0.8001454809965448 0.5488079172289698 0.956578882110797 0.5606674027726659
0 0.8447816958455256 0.5729358360937309 0.9567855312536164 0.5741626794258373 0.8468481872737192 0.5753895227579439
0 0.905949842120055 0.5991084938453359 0.9782770421068294 0.5884758516337464
