0 0.4618577179585948 0.4741886665545653 0.4984894145726176 0.5629355604132803 0.5616723701830085 0.7164765059501902 0.6018278267889061 0.8172871202396235 0.6582446808510638 0.9422514619883041 0.6848404255319149 0.952485380116959 0.6196063733686983 0.8130081300813008 0.5391224125007208 0.6356677601863738 0.4657285931162622 0.4749360088186387
0 0.415327833260964 0.4746389783983769 0.31331382040601896 0.7917014759120022 0.3265366430260047 0.7916666666666666 0.41814420803782504 0.47441520467836257
0 0.0 0.8211708348886401 0.1356856694277516 0.6919333958305433 0.2905455398552686 0.5472969956698361 0.2918144208037825 0.5519005847953217 0.13895656253947627 0.6997455470737913 0.0004652683466626484 0.8367239019534652
0 0.0 0.6504173920807107 0.287951383249418 0.49149591536092135 0.28788225425150615 0.49471797774004905 0.16241676140977748 0.5649301370474532 0.0 0.6571135217177805
0 0.0 0.5812240524976563 0.19778728407570015 0.5042286786926163 0.27002263999899934 0.477515805975845 0.2732539474068237 0.47761894448054293 0.21112945659832974 0.5007219695328857 0.0 0.5841257086737199
0 0.0023831312438038588 0.5414072816449726 0.15823991458857622 0.49235993208828527 0.175398459543964 0.4909451046972269 0.0011915656219019294 0.5475382003395586
0 0.45391135816667727 0.47494863284336963 0.49025088918705934 0.6079763974500817 0.5407002747428279 0.8008008008008007 0.5608001618639916 0.8055423844897528 0.49916938214810547 0.6092935040303461 0.4575453112687155 0.4756335282651072
0 0.4057187886975121 0.4751694049939663 0.39379794470979884 0.5024465926721565 0.2598408945926677 0.7958785853522695 0.27391271717512855 0.7935579689965655 0.3963911805857095 0.5051915503043322 0.4079099724996382 0.4758324382384532
0 0.0006518564872757613 0.7726178190574475 0.0004345709915171742 0.7842277261781906 0.15796655541649282 0.6487788097695218 0.2915971353080239 0.5356897144822842 0.29007613683771377 0.5326797385620916
0 0.00032237266279822724 0.6339712918660287 0.28615946701053085 0.48688640793903953 0.28777133032452185 0.48936735778841045 0.0008596604341285518 0.6385787701577176
