0 0.0026595744680851063 0.6760233918128655 0.1099290780141844 0.564327485380117 0.1125886524822695 0.5614035087719298 0.3081882656350742 0.4624313308523835 0.3071136900924135 0.46207690944533053 0.10921269431907733 0.5581251107566898 0.10563077584354183 0.5581251107566898 0.044447758555931166 0.6136798382248455 0.0024021962937542884 0.6546877947557065
0 0.0014775413711583924 0.581140350877193 0.10638297872340426 0.5365497076023392 0.1573581560283688 0.5014619883040936 0.2116578014184397 0.4861111111111111 0.2903368794326241 0.45394736842105265 0.2127659574468085 0.48464912280701755 0.15809692671394798 0.5036549707602339 0.10822990543735224 0.5387426900584795
0 0.3525322081111294 0.46282696405095425 0.3720036835449997 0.4437871163697357
0 0.32378314732347385 0.45353370506369284 0.3447436179375813 0.43653384106260484
0 0.3723472978173621 0.4764268552518246 0.37463805963311153 0.4771068498118682 0.39021523998020774 0.4451471054898227 0.38895532098154556 0.44492044063647496
0 0.381658468695188 0.47795227315600836 0.3834458171280409 0.4788954914167139 0.3930974986654465 0.44847670250896066 0.39142930679478377 0.44729767968307865
0 0.41962174940898345 0.47742040285899934 0.42175597583399 0.47742040285899934 0.41453244024166014 0.4452566601689409 0.41321907013396375 0.44509421702404156
0 0.429389939584975 0.4767706302794022 0.4316062516417126 0.4767706302794022 0.4183904649330181 0.4441195581546459 0.4166666666666667 0.44395711500974655
0 0.4370239033359601 0.4452566601689409 0.46821644339374835 0.4783950617283951 0.4691193853427896 0.47936972059779076 0.470514841082217 0.48099415204678364 0.47182821118991325 0.48408057179987 0.47256698187549245 0.4870045484080571 0.4728132387706856 0.49139051332033784 0.47297741003414756 0.5003248862897985 0.47297741003414756 0.5043859649122807 0.4735520094562648 0.5087719298245614 0.47494746519569214 0.5155945419103314 0.4996362975086379 0.5641025641025641 0.506683033278778 0.562753036437247 0.4798599745408256 0.5150697255960414 0.4782853344813782 0.5121162864562898 0.4777188649461099 0.510061095230088 0.4774356301784756 0.5083795751359229 0.47734121858926426 0.5059507127776844 0.47705798382163006 0.5016534947592624 0.47639710269715024 0.49119070306223495 0.47639710269715024 0.48782766287390467 0.47564180998345906 0.4837172804215011 0.47479210568055646 0.48203576032733597 0.47356475502080825 0.4807279113652075 0.46761682490049017 0.4741886665545653 0.44081108877347785 0.4460675968135561
0 0.5123394671267012 0.561245455982298 0.5178502971056163 0.5614035087719298 0.5172912273976104 0.5517622886043938 0.5166522905884608 0.5304251620041094 0.5166522905884608 0.5296348980559507 0.5166522905884608 0.5285285285285285 0.5164126892850297 0.5272641062114746 0.5158536195770239 0.5245772087877351 0.5140166762507188 0.5193614667298877 0.5129784039358507 0.5166745693061482 0.5120998658232702 0.5139876718824087 0.5080266436649415 0.5067172435593488 0.5061098332374928 0.5040303461356093 0.5026755478883139 0.4997629208155524 0.49692511660596766 0.4932827564406511 0.4449607347626423 0.44599045506486523 0.44394174071356757 0.44599045506486523 0.49625010189940494 0.496739934126504 0.5030433955599032 0.5064865228204611 0.5061003777071276 0.5108556832694764 0.5086478628298143 0.5152248437184916 0.5115350126355263 0.5212744504940512 0.5128936713676259 0.5256436109430666 0.5128936713676259 0.5290045035961551 0.5128936713676259 0.5327014855145527 0.5128936713676259 0.5367345566982591 0.5128936713676259 0.5431202527391275 0.5132333360506508 0.5484976809840694 0.512554006684601 0.5542111984943201 0.5118746773185511 0.5579081804127176
