0 0.5726746555800114 0.8139073737984809 0.5910165484633569 0.815923909390334 0.4718969340443858 0.48594677909243394 0.47144116148326354 0.48478085673547827 0.47008370297972574 0.48478085673547827 0.4672643660877628 0.48271444217138837 0.4672643660877628 0.48333436654061535 0.46705552631798775 0.4823011592585705 0.4654892280446749 0.4802347446944806 0.45657574633019954 0.45406636746906026 0.4539986392874814 0.4535563715490276 0.46301851393699484 0.481266149870801 0.46757140304579686 0.48840609275125796 0.4686881494309747 0.4901060791513668
0 0.0004502983226387652 0.8094309848695813 0.23451161394423806 0.6033602524830596 0.3597909183015566 0.4982152350573403 0.36170980319916485 0.49669628616997036 0.3707285622179239 0.4902407533986481 0.3862715298885512 0.4678362573099415 0.3891020423981707 0.46299491899146783 0.4060574351819556 0.4512990125587193 0.41012672945006395 0.45053206787460465 0.39074913769716696 0.4656792253858691 0.3888113785218773 0.4702808934905571 0.37214664961438587 0.49501485955325475 0.3610045343564702 0.504026459591602 0.23317980489660609 0.6224373193520198 0.0 0.8297771455666192
0 0.0010648946819159584 0.7454823244296928 0.0010648946819159584 0.7618144460249722 0.27767128830958615 0.5526579210789737 0.36476802600472813 0.48428362573099415 0.384152191043958 0.4644037630307653 0.38749271936135954 0.46084413933384183 0.40333881522595677 0.45152131536570894 0.4029105423647515 0.4501652682430714 0.3874070647891184 0.4593185863208746 0.3840665364717169 0.46287821001779805 0.3647086031452359 0.4830494109670311 0.2751002442433029 0.5518400051694614
0 0.13240603295031794 0.545332970669568 0.15966609855773634 0.5349063874155673 0.15897887001301153 0.5308264200553062 0.1285117378635439 0.5412530033093068 0.12874081404511883 0.545332970669568
0 0.13126065204244325 0.5222131556280883 0.1619568603734858 0.5117865723740876 0.16287316509978558 0.5090665941339136 0.1289698902266938 0.5176798585611315 0.1289698902266938 0.5222131556280883
0 0.3170414352997233 0.4582936669839974 0.3211648065680723 0.457538117472838 0.3214702414768389 0.45678256796167854 0.3163542067549984 0.4573870075706061
0 0.3699031727093966 0.4471224790949336 0.38057046905724573 0.44391157020276545 0.3818823048540686 0.44418483904465217 0.37086978855968716 0.4480106028310652
0 0.3828237701096465 0.4429383590453318 0.39492521103815964 0.4383251244894913 0.3963307608343892 0.4385286495434254 0.38182960074158173 0.44429519273822604 0.3804926143500463 0.44368461757642363
0 0.39784439087447154 0.4368680321493388 0.40093776566630557 0.4342033244029614 0.40181118913694114 0.4342033244029614 0.3983538878990089 0.43758822343214354 0.3962431145116398 0.4374441851755826
0 0.4131520306785709 0.44561037248653995 0.41993823321833806 0.4397502105995678 0.42104870272484546 0.4396281238935892 0.41432419293543976 0.44579350254550787 0.412751027801221 0.4460987193104543
0 0.45587196563454996 0.4440165454286122 0.45569177766245755 0.4450149764655541 0.4547908378019951 0.44451576094708317 0.4544304618578101 0.4443731279418057 0.4534214092140922 0.44323206389958636 0.4516195294931673 0.4346027670803024 0.4524123565703742 0.43431750106974754 0.45363763478060315 0.4403794037940379 0.4539619731303696 0.4415204678362573 0.4545025370466471 0.4427328483811154 0.45511517615176156 0.4431607473969476
0 0.4492807720812979 0.43155084507607694 0.45327047189357916 0.43128320419660904
0 0.46226420197889107 0.4298111793595354 0.46368426462394036 0.4298111793595354
