0 0.3578316358271565 0.8072373917249264 0.44406108235895464 0.5263157894736842 0.4507166741209294 0.5273694747378957 0.3740512629090456 0.8059183045332629
0 0.43127832264441945 0.4516107649476336 0.43425573598680406 0.45219997937749495 0.4425924933454812 0.44380367375197016 0.4425180580119215 0.4408576016026633
0 0.5006784574994838 0.45636968237587433 0.5028381436391448 0.45636968237587433 0.49809736918623027 0.4462582481158332 0.4961483841333653 0.4458412817545944
0 0.49297733277708244 0.4370485036119711 0.49393338895842026 0.43687650498796016 0.48555137268962023 0.42506212872887855 0.48508453497361437 0.42552405236366325
0 0.6376713440680202 0.7356373767035616 0.6493394819346787 0.737143287403057 0.5556113118337124 0.5405494869248593 0.54334493063919 0.5377910184265695
0 0.000891533437512508 0.795866785608088 0.2651365904912004 0.5799220272904484 0.27991200420278434 0.5653021442495128 0.28405732860520094 0.5584795321637427 0.28147163120567376 0.5519005847953217 0.27888593380614657 0.5482456140350878 0.280363475177305 0.5387426900584795 0.2854037977579501 0.5420675344274666 0.2899674940898345 0.5533625730994152 0.29144503546099293 0.5657894736842105 0.2910756501182033 0.5738304093567251 0.26960569710766713 0.5956248646307125 0.04728132387706856 0.7755847953216374 0.002807328605200996 0.8128654970760234
0 0.2951080288475925 0.5122140795025538 0.270794056917138 0.5081427196683692 0.26967187359727085 0.5018506181064475 0.3283994673369842 0.5085128432896587 0.32334964239758207 0.5170256865793175
0 0.3426445110138174 0.44310384867101565 0.35768662894402203 0.437192560221251 0.35683317544443593 0.4407815567800367 0.3450981898251274 0.4460594928958979 0.3410442857020935 0.4447927882280912
0 0.2710610987360354 0.43867038233369215 0.35800667400636677 0.42811451010196966 0.35832671906871155 0.42959233221441084 0.272554642360311 0.4403593218907678 0.27010096354900104 0.4397259695568644
0 0.29783820228554847 0.4407815567800367 0.3567264937569877 0.43254797643929316 0.3558730402574016 0.43339244621783096 0.30178542472113407 0.44268161378174675
0 0.34648505176195477 0.4460594928958979 0.431723720033114 0.45154854645639364 0.43327977245862886 0.45033457040035985 0.35079881046193107 0.44439803211733037
0 0.4342484797121489 0.44887638383169665 0.35604525498142525 0.44158014082826114 0.3552612534375453 0.4416994868122687
