0 0.4177875601206489 0.48296027424884047 0.4099752724110758 0.48800161322847346 0.31011385560175 0.5014451838408281 0.1219396212059455 0.5148887544531828 0.11208934539822288 0.511863951065403 0.30501888535637617 0.49405122000403306
0 0.17968261732018154 0.5283323250655374 0.19106138420151628 0.5320293069839349 0.29245129208445425 0.5202661826981246 0.39367136762587973 0.5061504335551522 0.3941808646504171 0.5027895409020636 0.2876959865221054 0.5169052900450359 0.18155077307681858 0.5273240572696108
0 0.2615418059291867 0.5528668414330846 0.2685049319311975 0.5532029306983935 0.3417026711230673 0.5417758956778921 0.3853495828917693 0.5333736640451704 0.3855194152332817 0.5303488606573906
0 0.3591954022988506 0.5790818041271761 0.36547919893481157 0.5827787860455738 0.3890858944050434 0.5767291792700141 0.3885763973805059 0.5723600188209989
0 0.47841770604059675 0.6157155340458426 0.48639982609168225 0.6167238018417692 0.5752221407026983 0.5790818041271761 0.5750523083611858 0.5760570007393964 0.5728444879215239 0.574712643678161
0 0.6961652757602513 0.6054510439418493 0.698064124108728 0.6289367998309027 0.7598953734559989 0.567873834519364 0.7895648789009465 0.5368726367458136 0.8214892667597102 0.5061062965311539 0.8271858118051401 0.49577256393997043 0.8262363876309017 0.49037084008548815 0.821988885818673 0.49180852564311206 0.8192476216792326 0.49582289055973267 0.7869239669696667 0.5244625648628614 0.7369789065361436 0.5664689893748456
0 0.8289421356134421 0.4757610537246543 0.8439016666298432 0.4688382430635259 0.8604722240633953 0.4634639558397552 0.8608404586730298 0.4610956258767376 0.8447301945015209 0.4658322858027728 0.827607285153517 0.4727550964639012 0.8271009625652695 0.47393926144541
0 0.9230634323970334 0.49401663105734606 0.9597612009294065 0.5393558223746903 0.9762853342740938 0.55851463994463 0.9782621477723846 0.5573109445999218 0.9520060095130349 0.5260148656375071 0.9228606822946447 0.4915089324225371
0 0.9249593037047944 0.5070822962828062 0.9319124395690692 0.5119387280195876 0.9482727592497157 0.5287338877759566 0.9626902909682854 0.5469455067888869 0.9736312547547179 0.559693640097938 0.9718929707886491 0.56353831522289 0.9481705072517117 0.5339950221574697 0.9344687395191702 0.5174022137234667 0.9253683116968106 0.5103199174406604
0 0.9264132553606237 0.5650200061557402 0.941836713533242 0.608110187750077 0.9370411845215876 0.6117010362162717 0.9217473352411762 0.5663024520365241
