0 0.3573249113475178 0.6642909356725146 0.37214822502834954 0.6618171444872344 0.331215524034673 0.7878492527615334 0.3143879695298135 0.7886614684860299
0 0.5471007354872603 0.6652046783625731 0.5635178618334648 0.6643924626380766 0.6877346683354193 0.951209723655544 0.6593426968896307 0.9408898062148835
0 0.280766826988397 0.4567789204812799 0.29795385994945783 0.44871277811386706 0.2953044754218635 0.4472339853465081 0.2832124127061764 0.4511326208240909
0 0.7216312056737588 0.4968057398397956 0.7251077736058963 0.49901715071993713 0.9458698372966208 0.497297164479827 0.945373184734887 0.4921372057594968
0 0.7227486739376603 0.49336576735957544 0.7202654111289906 0.4931200550395597 0.7190946539636157 0.4934367392013653 0.7173190677665154 0.49142885826870464 0.9400341696962473 0.48402869919897784 0.9404066591175477 0.48869723327927667
0 0.7451545177561002 0.5083391390630607 0.746754743067824 0.5102391960647708 0.8846941649384235 0.5091836088415985 0.88490752831332 0.5070724343952541
0 0.8163651625723782 0.5252563776591236 0.820133963750985 0.527798966014069 0.8866019118100524 0.5230528010848376 0.8867732209545346 0.5203407068395627 0.8172217082947889 0.525086871768794
0 0.26426499032882017 0.7947235513024985 0.27803298946915966 0.7927299308878256 0.336127229744251 0.6651382243487506 0.32773210831721467 0.6651382243487506
0 0.5457334233929979 0.8023763111482409 0.5656685053848174 0.8056251740462267 0.5236875680138091 0.6645316996194188 0.5131337010769634 0.6640675763482782
0 0.007038469804427258 0.8296119085592769 0.05337954008166775 0.7884104199893672 0.05136471093917904 0.7737905369484316 -8.39885030449291e-18 0.8149644344847542 0.0 0.8402445507708666
0 0.003940110323089047 0.7748538011695907 0.0384160756501182 0.7426900584795322 0.04087864460204886 0.7582846003898636 0.0014775413711583924 0.7904483430799221
