0 0.0053728777133032445 0.8362573099415205 0.4390924612555819 0.4678362573099415 0.4395762374485778 0.4673499410341515 0.44062065338661077 0.46649888755151914 0.4417265055562928 0.46503993872414917 0.4430166664209217 0.46406730617256925 0.44455257221214667 0.46236519920730446 0.44492118960204063 0.461514145724672 0.4457812968451266 0.4599336178283547 0.4480544374161395 0.45665098296677237 0.44922172581747044 0.45397624344992765 0.4497746519023115 0.45154466207097776 0.4506347591453974 0.449356238829923 0.4511876852302384 0.44826202720939556 0.45140368856436364 0.4480502021336867 0.4536842942932452 0.4468978960811992 0.4524226826134384 0.44757007461181686 0.45324758255792746 0.4468018705768252 0.4534416766625131 0.44603366654183346 0.4538416075650118 0.44584795321637427 0.46447990543735224 0.43877192982456137 0.4677805651047312 0.43777505384032617 0.46438243502259113 0.4410097295640849 0.4541020161664963 0.44798981928377474 0.45380091603263584 0.44807494232913675 0.45349981589877525 0.4485856806013092 0.4528976156310543 0.44994764932710235 0.4514351292665889 0.45437404768593004 0.4509619719133795 0.45531040118491284 0.4507038860843562 0.45582113945708524 0.4501016858166352 0.45718310818287833 0.4488542709763559 0.45982192258910254 0.44829508501347204 0.461524383496344 0.44674657003933227 0.46416319790256816 0.4453701122845413 0.46603590490053376 0.44317638273784327 0.46858959626139585 0.43900399516863325 0.4722498872119649 0.026952230852940087 0.835329063399239
0 0.001524200572352896 0.7607468964809685 0.001264982787939143 0.786395814096645 0.2376716021732819 0.611983174310044 0.3803939611574947 0.5040713598341846 0.44030968325280434 0.45735187903357327 0.44910318154270357 0.44620684130417365 0.4492766697663229 0.44586351724059003 0.44985496384505413 0.44506242775889493 0.45049108733165855 0.4443757796317277 0.46269309239288836 0.43762373971458324 0.4607847219330751 0.4377381810691111 0.4508380637788973 0.44334580744097685 0.4499127932529273 0.4435746901500326 0.44008179391449576 0.4562776805026264 0.37960148598446475 0.5028404344193818
0 0.6568343004513216 0.946127946127946 0.683250949208396 0.9558745348219032 0.5255255255255256 0.4709973131025762 0.5251182033096927 0.47021875676846436 0.5247898607827687 0.4695689841888672 0.5234764906750723 0.4678362573099415 0.5226009106032747 0.46675330301061296 0.5219442255494265 0.46610353043101577 0.5209591979686543 0.4650205761316872 0.5203025129148061 0.4641542126922244 0.5199741703878821 0.4635044401126272 0.5195907286433179 0.46302147593110854 0.5189317908105544 0.462319320313362 0.5180701028754019 0.4611156249686537 0.5171577274146524 0.45981162167855316 0.5163467270050971 0.4582066945522755 0.5158398517491251 0.4572036150983519 0.5153329764931531 0.4564011515352131 0.5105176615614191 0.44055249616322106 0.5090984108446975 0.440251572327044 0.5142178509300147 0.45840731044306016 0.5162453519539028 0.46302147593110854 0.5170563523634579 0.46482701894817086 0.5186276656569712 0.46713410169219505 0.520857916783248 0.4692405685454345 0.5223278550255668 0.4707451877263198 0.524152605947066 0.4741556578696598 0.5501458476321208 0.5708592718355028
0 0.510144582828807 0.43353301954072165 0.5095319437236926 0.4341748680644701 0.5092436429683447 0.43396091855655394 0.5088111918353226 0.43403223505919264 0.5080183647581157 0.4322493224932249 0.5067570489534683 0.4247610897161603 0.5074778008418382 0.4246897732135216 0.5078742143804417 0.4260447867636571 0.5086670414576486 0.43060904293253455 0.5087751542409041 0.4313935244615604 0.5090634549962522 0.4320353729853088 0.5097222222222223 0.43216374269005847 0.5100768321513002 0.43187134502923974
0 0.5041582235731171 0.4206349206349206 0.508274231678487 0.4202172096908939
0 0.39709420344335006 0.44448577273572626 0.4101466890542899 0.44014630215113754 0.4101466890542899 0.44117950943318246 0.3967809437886875 0.4465521872998161
0 0.4313570420259537 0.434157936808448 0.44092385665935335 0.43142328242669026 0.44103015459972444 0.4320543565147882 0.43119759511539696 0.4353149059699609
0 0.4445626477541371 0.4307017543859649 0.4529550827423168 0.4274269005847953 0.45345744680851063 0.4278362573099415 0.4412825059101655 0.43216374269005847 0.44122340425531914 0.4316374269005848
0 0.45629432624113475 0.4261988304093567 0.4595449172576832 0.4241520467836257 0.4599881796690307 0.424327485380117 0.4563534278959811 0.42684210526315786
0 0.0002172854957585871 0.652218782249742 0.3476839539007092 0.48519736842105265 0.3535325551615445 0.4870248538011696 0.0006848286990131133 0.6612828367214333
