0 0.00392334389618229 0.7923976608187134 0.00392334389618229 0.8172825681224336 0.2623358985966501 0.6057608560408112 0.4036087369420703 0.4802569100814714 0.43619041845992207 0.46226320787724295 0.43442242023802313 0.45976408257110013 0.40209330989472836 0.4762583095916429 0.24650946636762242 0.6067126505722996
0 0.0007465472191116469 0.8831948291782086 0.0007465472191116469 0.9185903354878423 0.3826645120746925 0.5284995188392922 0.41707281547959174 0.4828025830769657 0.4448029758103369 0.4645104071394917 0.4401812824218794 0.4622931736925252 0.41525214838716906 0.47809096200216183 0.38009926837193153 0.5155067764197223 0.007978723404255369 0.8801169590643275
0 0.6732753062540296 0.8073498139287613 0.6897297442510208 0.8100079744816586 0.5883166774124221 0.6139686337054757 0.5204840962819686 0.49833864965443914 0.5137679991403397 0.47441520467836257 0.5110815602836879 0.47441520467836257 0.5174618525682356 0.5036549707602339
0 0.5074273546564492 0.4588341754804423 0.5095419040248332 0.4586249463850443 0.507585945859078 0.45705572816955925 0.5053656690222746 0.4548588226678802 0.5038326207301963 0.4511973134984151 0.5010837065512969 0.44199123330090284 0.49976211319605685 0.44167738965780584 0.502669618577585 0.4515111571415121 0.5046255767433402 0.45611419724026825
0 0.45365615064808024 0.4535390199637024 0.4572022499388604 0.45410364992942126 0.4744028694872422 0.43813268804194394 0.47342463520013045 0.4366807824158096
0 0.44937637564196625 0.45176446864287156 0.4516181625499307 0.45176446864287156 0.46930789924186844 0.4382133494656181 0.4679220673351268 0.43813268804194394
0 0.16234967622571694 0.503813882532418 0.1677459142769041 0.5119501652682431 0.3698483413131235 0.4589376570185994 0.360567034505125 0.4589376570185994
0 0.3938794941694814 0.44992522142518115 0.3970020165158805 0.45108943875769053 0.43342651550447786 0.44100823835745084 0.43114010111991163 0.4404960088786444
0 0.44944721777950103 0.43272855639478347 0.45526987511914574 0.4330615833433242
0 0.4998142259231332 0.43665468241739425 0.5025006647797848 0.43665468241739425
