0 0.47556797692030295 0.4905838041431262 0.5133830187923228 0.5877192982456141 0.554704091036583 0.6937753989493507 0.6007833473574549 0.8176727128555853 0.6533738029410586 0.9415700267618199 0.6909384140722042 0.955942115174943 0.5594622751131947 0.6769253642581029 0.4806423377322919 0.49185728033163073
0 0.41771847577833876 0.4925661611656259 0.3157931642424971 0.7923976608187134 0.330606280597904 0.7928581295759083 0.42181828335287874 0.4912510936132983
0 0.0 0.8260977302012092 0.21411828344752978 0.6283576172068589 0.21486957567015266 0.6367826345524829 0.0 0.8402864115669751
0 0.0 0.6570545136788332 0.1499619575555012 0.5763930900047052 0.22383902611342082 0.5360623781676414 0.22197087035678378 0.5400954493513478 0.0 0.6641123882503194
0 0.002110773387369132 0.5491000227842333 0.10150901108347916 0.5156831472620946 0.13451383132234196 0.5103668261562998 0.0026864388566516222 0.554416343890028
0 0.0 0.5885440095966412 0.1673006203148047 0.5230669265756985 0.24281940150734474 0.49532663567751295 0.24206168798367378 0.49807567351427 0.1691949041239821 0.5255660518818414 0.0 0.5920427850252412
0 0.00033966468302491776 0.6466357464542583 0.1511507839460884 0.5686630369026013 0.22910382870030704 0.5279962358002286 0.23046248743240674 0.5232909860859044 0.15641558653297463 0.5622773408617329 0.00016983234151245888 0.6412583182093163
0 0.4656057198869861 0.48970665145247944 0.5427261719425704 0.8020729330100318 0.5612254704107325 0.8068273665192792 0.4689692286993792 0.4901820948034042
0 0.26115243421937767 0.796367612798935 0.40852022235000957 0.49207101838680783 0.4118480182309969 0.49207101838680783 0.2756746107809937 0.7955323744797429
0 0.00037574562021512863 0.7776615932767902 0.21114555445963085 0.6072576584950234 0.21192835783507896 0.6122923202044847 0.00037574562021512863 0.7896673250455055
