0 0.4462895692786716 0.4638425331621738 0.4856426223836707 0.544858080159749 0.5239866228449519 0.6178861788617888 0.5660785331257568 0.7023249179860219 0.6127504784419678 0.7936507936507936 0.7145513199369583 0.993421052631579 0.7454467100078808 0.9994152046783625 0.5682407887908667 0.6792183711310797 0.5293201868188896 0.6093281985451434 0.5065444271463991 0.5699614890885751 0.44830767456610743 0.4629867351305092
0 0.39141201494538946 0.5344859510253205 0.3560576641390915 0.6769553566914405 0.3381738780904885 0.7470633837234779 0.3520551024996423 0.7477374993680167 0.3650847180493388 0.6820112240254816 0.39408186575291526 0.5420526972862869 0.4103588515254153 0.4631995556172753 0.4077858243355352 0.46366245428875613
0 0.2953542058151987 0.5393112410656271 0.2529385508108912 0.5843863738600581 0.17895815768156195 0.6579969737864475 0.07852667427135514 0.7594160225739173 0.095600651608161 0.7577522236964961 0.2761338577984386 0.5660966140842302 0.33109302701501286 0.5063227870245414 0.33197702612596236 0.5010746238816415
0 0.0007918474144460485 0.549594049849543 0.2202712938098189 0.4774882189292 0.21826298514999196 0.4729461193436666 0.000504946177327914 0.5410776131266678
0 0.0 0.6565776302618407 -3.280800900192543e-20 0.662907268170426 0.12564813159306276 0.5882107228856455 0.1887230069332698 0.5493881763231608 0.23317341120845503 0.5228512457614625 0.2761338577984386 0.49828001375988995 0.29791512895392747 0.48503611971104227 0.2975139865002193 0.4831838268370776 0.23307749238600303 0.5202570992044676 0.1317310218019438 0.57953216374269
0 0.1939093348667817 0.5038722933459775 0.0 0.5819994874303953 0.0 0.5852612940052655 0.09137910483342275 0.5479139024030665 0.19255159414733886 0.506559190769717 0.28032553830426177 0.47052315473368106 0.27784965816880713 0.4695748379958906 0.24965657146508213 0.48111269163900744
0 0.4393703511503201 0.4632720011410641 0.47162689168435395 0.5557689845050582 0.5575736608429914 0.8050206817857654 0.5783313152280459 0.8107260019968622 0.5300409387072594 0.6852089573527315 0.47464668426774337 0.5457378238784308 0.4421839139963072 0.4642079651683954
0 0.29149886548582155 0.7516970819007318 0.30367558834360925 0.7511093479091364 0.3645592026325481 0.5753768844221105 0.40242250378516214 0.4645180366646955 0.4009283608255638 0.46418949996714637 0.36764217600340005 0.5525658716078586
0 0.025987048150168685 0.7614834807817265 0.038994463639853684 0.7617333933123407 0.21982606463207216 0.597364451853616 0.2747785068823049 0.5468109526151828 0.33218441754300154 0.4940512200040331 0.33135648487812835 0.4919086509376891 0.27671292899649463 0.540179471667675 0.21327407122150552 0.5977613717551798 0.1781252547485122 0.6284029038112523
0 0.0 0.6395711500974658 0.00013178071688713132 0.6439334070913019 0.12710997686910971 0.573761447644268 0.1909907412717529 0.5379801705521666 0.23687019301230458 0.5130751406818934 0.27685540963341043 0.4914802730095679 0.2978038398552248 0.47950063838842394 0.29756488437740947 0.4790277580744314 0.213452556186398 0.5233208808183982 0.12822510243224813 0.5691902712756735
