0 0.5738580035079692 0.7828711563855877 0.5838671547319454 0.8130541407281645 0.6034088309311371 0.8234295415959253 0.4856549381440932 0.5013342417532505 0.4770479010305492 0.5007664793050588
0 0.46955268680107315 0.45124515408371113 0.464773848104833 0.44963401882188914 0.4610526735198024 0.4362638806754714 0.4628456450713204 0.43665812471253035
0 0.4559614581586588 0.4211461662965945 0.4564546569473626 0.42106483175951004 0.4530022654264362 0.4117926945318791 0.45250906663773244 0.41171135999479463
0 0.39103468997851365 0.44720013462913877 0.39762516228152234 0.44720013462913877 0.4380892449161239 0.4136830886168258 0.4391522243198349 0.4138233273030698 0.39649131758423045 0.45014514704026254 0.38940478822615665 0.44888299886406663
0 0.3309215212611106 0.44752164253428334 0.39079743359451613 0.44675553512602467 0.3895070044493997 0.4484154345105851 0.3276309269410635 0.4494369110549299
0 0.28794704216834344 0.4527063783489732 0.31406172686788714 0.4448864409084728 0.31483485898070257 0.44556643546851626 0.28923559568970253 0.4535563715490276
0 0.28976085243430294 0.4537248919399949 0.39528728543529656 0.4505042800237308 0.39605817658546616 0.45084329180439014 0.28676294240586564 0.45474192728197294 0.2881334155617227 0.4530468683786761
0 0.2604166666666667 0.5255847953216374 0.2703900709219858 0.5307017543859649 0.2744533096926714 0.5372807017543859 0.2744533096926714 0.5431286549707602 0.27149822695035464 0.5504385964912281 3.359540121797164e-17 0.7689649364167965 0.002561071710007869 0.7550357374918779 0.26349487785658 0.5466211825860949 0.2651365904912004 0.5433723196881092 0.2643157341738902 0.5384990253411306 0.26062188074599424 0.5360623781676414
0 0.26318746265554777 0.496754707281023 0.28137258722365105 0.4973973395026026 0.27909944665263814 0.5028597133860292 0.2620508923700413 0.503181029496819 0.25734224404437167 0.4973973395026026
0 0.2651365904912004 0.7919103313840157 0.39236391656941083 0.5066622251832111 0.40339871921477094 0.5066622251832111 0.2792922576832152 0.7976973684210527
