0 0.3959388720027017 0.7969924812030074 0.4595848977889028 0.5060199518403853 0.46393060770407457 0.5070519435844514 0.4090145576707727 0.7970144659895352
0 0.6701481235224587 0.804047880116959 0.693465573286052 0.8086165935672515 0.5353463560772805 0.5147207098205283 0.5278312749653542 0.51346037507562
0 0.34168144208037826 0.8055555555555556 0.355718085106383 0.8092105263157895 0.4523657468096311 0.506914996812727 0.4494246691987945 0.5060835342701145 0.3398345153664303 0.8006379585326954
0 0.6200300881151944 0.7990430622009569 0.6339995701697829 0.8006379585326954 0.5207925505172063 0.5130851260882221 0.5162462693751805 0.5125558995528036
0 0.002889414236931953 0.8703703703703703 0.08825847123719463 0.7897985705003248 0.09876543209876541 0.791098115659519 0.002889414236931953 0.8950617283950617
0 0.0009193590753874283 0.8079922027290447 0.08497504596795377 0.7378167641325535 0.0810349356448647 0.7560103963612735 0.0022327291830837766 0.8248862897985704
0 0.0011365702855064557 0.6387764282501125 0.0 0.633153396311291 0.1488907074013457 0.5639901034637876 0.1451968539734497 0.5718623481781376
0 0.0016817544061965444 0.5634003708458137 0.24145188260393244 0.48923120810155474 0.2496204040054585 0.48875576475062993 0.0009610025178265967 0.5700565777587601
0 0.0019220050356531934 0.52488945942091 0.18499298468161987 0.47972234108306 0.18715524034672973 0.4816241144867589 0.0009610025178265967 0.5305947796320069
0 0.0031232581829364393 0.48970665145247944 0.11339829710353841 0.4730661341701137 0.11676180591593151 0.47496790757381263
0 0.2758077226162332 0.43472739086774176 0.2998861745906663 0.43078937523381966 0.2736187724367393 0.43472739086774176
0 0.4887517316957178 0.45044584249739994 0.4833240286996257 0.4177109440267335 0.48246248854151585 0.41754044976386545 0.48780403752179696 0.4519802908632124
0 0.44122307952095186 0.4355439881755671 0.44585054425479953 0.43184885290148445 0.44820486841763435 0.42943898207056097 0.4483672356012781 0.42831437568279673 0.4483672356012781 0.42670779512884777 0.4483672356012781 0.42590450485187326 0.4486107863767438 0.4244585823533192 0.44917907151949704 0.42365529207634467 0.4503968253968254 0.4228520017993702 0.45827163380354874 0.4197994987468671 0.45080274335593484 0.42269134374397527 0.44974735666225024 0.4233339759655549 0.4489355207440314 0.4238159501317396 0.4486919699685657 0.42670779512884777 0.4484484191931 0.4291176659597712 0.4477989504585249 0.4302422723475355
0 0.3775776513821595 0.4216605871113427 0.4074210612550617 0.418186555497655
0 0.41575966107249024 0.41717329627699606 0.43009620110947266 0.4154362804701523
0 0.6719439737232997 0.4890027428453139 0.706855791962175 0.49184909175593855
0 0.7038484068704367 0.5014231744553123 0.7522280800853576 0.5076333902603115
