0 0.661759438355183 0.8043593833067517 0.6783258113045347 0.8070175438596491 0.607312960645251 0.6582387340901273 0.5619002920317062 0.5675094599243207 0.5345223195661243 0.5210698314413486 0.5058249739100803 0.46151414572467203 0.501964730688135 0.4604604604604604 0.5301844397589078 0.52684263210579 0.5570730304772857 0.5800537379484747 0.5976597577290303 0.6668253320640101
0 0.0005910165484633421 0.8628979857050032 0.0015760441292356035 0.8934372969460689 0.2192671394799054 0.6809616634178037 0.30586001862597606 0.601010101010101 0.3645045852492661 0.5346700083542189 0.4046361502347418 0.4898690387941685 0.4193075117370892 0.4723663619141751 0.44669118725398754 0.4536154281485351 0.4423648874575436 0.4531800966435941 0.4179469580979533 0.4684166993165295 0.35393238653362197 0.5383599611103855 0.1765826109797741 0.7030539311241066
0 0.00041329828563871124 0.7790455158876213 0.0 0.8003108003108004 0.2238010216733621 0.6265079949290476 0.30045919819786365 0.5645877346070236 0.3672966717413637 0.5137625914699488 0.4096889582018244 0.46967331067634177 0.4390084666556709 0.4524003807969536 0.43843577620173363 0.4508137268235188 0.41094663441274026 0.46690693141121536 0.36753669800428823 0.5117865723740876 0.2997806830157509 0.5634115409004439 0.2245508982035928 0.6208110095598277
0 0.18391044361006814 0.4931200550395597 0.18390045772345456 0.5013997760358342 0.2158090639303858 0.49300111982082867 0.21628061968713846 0.48460246360582304
0 0.28848220337582037 0.46575062364536046 0.2895154490899172 0.4712714186398397 0.37723801021673364 0.4495971864392917 0.3714518342177917 0.44918823866192287
0 0.3976249838558425 0.44241641316275643 0.40071343137750376 0.4431109444236085 0.4336713533242088 0.43426548828210876 0.4315976110488988 0.4333860968209999
0 0.43762053107847504 0.43160471271637035 0.4388435960319038 0.4323074040240789 0.4416842630205127 0.4299650996650505 0.44026392952620824 0.43004317647701806
0 0.45408744144222535 0.44613066408352164 0.4579399266124236 0.446579126753489 0.47489086136129594 0.431510781042586 0.4720808133547984 0.431510781042586
0 0.4580378250591017 0.4283739063420826 0.46433742005241263 0.42882723604877826
0 0.5042890715158034 0.4488511959202905 0.5053394563768164 0.45030625536986224 0.5014530323910681 0.44940550428203213 0.5010328784466629 0.44933621573681437 0.5005426988448568 0.4488511959202905 0.5000525192430507 0.44843546464898426 0.4995623396412445 0.44739613647071874 0.49595601828509966 0.4359635265097974 0.497426557090518 0.43624068069066824 0.4998074294421476 0.44469388320722825 0.500087532071751 0.4452481915689699 0.5003676347013546 0.4461489426568 0.5006827501596585 0.4465646739281062 0.5011729297614645 0.44698040519941246 0.5015930837058699 0.4475347135611541 0.5018731863354733 0.4476040021063718 0.503693853427896 0.4479504448324603
0 0.4967715139330988 0.4306418934475295 0.4986329833770779 0.4306418934475295
0 0.5069739952718676 0.4299415204678363 0.51548463356974 0.430233918128655
