0 0.3973717146433041 0.7979016167870657 0.4102350159922125 0.7958376332989336 0.4293561396189682 0.7091503267973857 0.4140592407175636 0.7091503267973857
0 0.3434849116951746 0.8013415892672859 0.35391461549158676 0.803405572755418 0.38728966764010575 0.7084623323013416 0.37720762063690727 0.7057103543171654
0 0.6212881277748948 0.8011220463081824 0.6385861730957735 0.8015974896591072 0.6073535912664092 0.7283792136166976 0.5946203079052067 0.7264774402129986
0 0.6715005093313345 0.8063519231683546 0.6887985546522132 0.8068273665192792 0.6491572007918661 0.733133647125945 0.6352226642833804 0.7307564303713212
0 0.0010720765297707068 0.8957568339453283 0.045741931936884896 0.848157214742282 0.031310132497663394 0.8386372909016728 0.00038484798504586975 0.8644770841833265
0 0.32060474899179525 0.43967148262813893 0.33418509247670697 0.43644650842793253 0.3338591642330691 0.4345115239078087 0.320496106243916 0.4373065015479876
0 0.783096926713948 0.5547433398310592 0.9996003197442046 0.5628970507804283 0.9996003197442046 0.5662627792502839 0.7850910760753099 0.5578484580756448
0 0.7874014100713405 0.5376494333178078 0.789598108747045 0.5418217260322524 0.999688456393058 0.5580262024570469 0.9992303040299081 0.5553062242168729
0 0.7874489576617235 0.5350877192982457 0.7845834228812952 0.5308346624136098 0.9997044917257684 0.5479961935044366 0.9996828691691172 0.5505634003708458
0 0.8425326343920237 0.5811085685227562 0.8458731627094254 0.5856852275616578 0.965618254702436 0.5907704042715484 0.965618254702436 0.5846681922196796
