0 0.000591016548463357 0.7851851851851852 0.0003940110323089046 0.7992202729044835 0.29225412287447666 0.5552032692172197 0.27623258993420496 0.5537941238638765
0 0.6686426025898874 0.8006895347822292 0.6801100878585794 0.8024351924587588 0.5509524458992544 0.5443094916779126
0 0.277300692130223 0.5530895511872049 0.27801276026090177 0.5439301063904741 0.27231621521547184 0.5171563446769534 0.25736278447121824 0.500246600436835 0.24810589877239456 0.49601916437680543 0.24774986470705518 0.48474600155005987 0.2566507163405395 0.48545057422673143 0.26590760203936314 0.4910871556401042 0.2783687943262412 0.5058831818502078 0.28584550969836797 0.5263157894736842 0.2883377481557436 0.5404072430071162 0.2894058503517617 0.5474529697738322 0.2862015437637073 0.5580215599239061
0 0.35622915249846177 0.8028118240807498 0.3720165808478254 0.8020107345990547 0.45054891673953174 0.5320435792678042 0.4408335762168464 0.5296403108227189
0 0.3565003860512134 0.4396499104101444 0.43918412973481813 0.4478579555978937 0.43009156745076643 0.4548702071921886 0.35152549927963633 0.4433910252623703 0.3526199743693833 0.4431941244806742 0.4277407646201972 0.45284226278378326 0.4299578532995304 0.4528856076843693 0.4357744188782987 0.44931332857029455 0.3573958656700973 0.44102821588201707
0 0.43867438638866196 0.44742699821339654 0.4404503960501545 0.44801276982104676 0.4644265264803041 0.4292680783762411 0.4629465184290602 0.42838942096476584
0 0.5107710991894051 0.462319320313362 0.5126972251620987 0.46141654880483085 0.4937907781143429 0.42430260900965966 0.49267565255120455 0.42430260900965966
0 0.49326241134751775 0.417953216374269 0.4938534278959811 0.4176023391812866 0.49051418439716316 0.41368421052631577 0.49178486997635934 0.41625730994152044
0 0.4897776026617634 0.41953649555988737 0.48736975746432015 0.4134719514836474
0 0.47993520077554974 0.42143127603180613 0.4799883497457353 0.41228070175438597
0 0.47094005010877843 0.4190709331468206 0.4737216894564742 0.40974529346622374
