0 0.526655848058661 0.5118941421349985 0.6696518010978885 0.8057785707205868 0.6936931522218216 0.8077609277430866 0.5334381321439887 0.5135648399348888
0 0.46054213246784476 0.5054514818118744 0.3954301398405258 0.7973535533749628 0.41096975457580853 0.7963163923554591 0.464892398430455 0.5081389039609333
0 0.0 0.8736742987412033 0.001218590821573932 0.8945861216615422 0.004257322594863165 0.892011101199326 0.03706374964939696 0.8573198533055804 0.02404135112393317 0.8498860144712063
0 0.0 0.6494556173631911 0.2589901785542678 0.5234631293681358 0.260912183589921 0.528693006228308 0.0 0.6584890410307612
0 0.004678420715406214 0.5240476580860249 0.08338856852477851 0.5071049898890528 0.07427476193632489 0.5010930753675465 0.0052307726298579495 0.514756517461879
0 0.0 0.5630870104554315 0.2562504477398095 0.4875952507531455 0.26096970902101146 0.48742963327321415 0.0 0.5680489101541734
0 0.339584084625556 0.8028050351868371 0.3511038987057739 0.8077609277430866 0.4517770565372441 0.507929428089999 0.4485214569058782 0.5059470710674993 0.4087029691068638 0.6139855287937357
0 0.5168890491645631 0.5143720884131232 0.562217013262812 0.6387649915749827 0.6185639299595305 0.7983447318862128 0.6345914973754859 0.8003270889087124 0.5206455102776776 0.5138764991574982
0 0.00024025062945664917 0.8101554699757525 0.00024025062945664917 0.8225169970997955 0.018018797209248687 0.8058764798174297 0.01825904783870534 0.7935149526933867
0 0.0 0.6351923168354491 0.09778200618885621 0.591926971901298 0.23904937630936596 0.5282175628773832 0.25923042918372446 0.5187086958588885 0.2580291760364412 0.5153805924024153 0.2359261181264295 0.5258403461227595 0.0009610025178265967 0.6285361099225028
