0 0.2841957180434855 0.7936331438925953 0.36036193520460824 0.6140762704884275 0.37284820031298904 0.6116053043406638 0.29543335664102816 0.7952804546577711
0 0.6559896136108205 0.9405138529383568 0.6714916870131379 0.9443485763589301 0.5402085028872612 0.6078515962036238 0.5290663876293454 0.6107276387690538
0 0.3824559010729224 0.4640875693507272 0.38659341570875727 0.4657843439006874 0.43057070982602896 0.43147398410556304 0.4306654240164879 0.42866246813615233
0 0.4661179752365162 0.46240601503759393 0.4680368601341246 0.4621890223393983 0.4640894397733304 0.4490609640985581 0.4626639824208213 0.4490609640985581
0 0.4590850504871161 0.43887709538101166 0.46044134715605145 0.4384704226955893 0.4563724571492453 0.4309876452838169 0.45542715947089646 0.4309876452838169
0 0.0014775413711583924 0.5862573099415205 0.19909869976359337 0.5862573099415205 0.19946808510638298 0.5964912280701754 0.001524200572352896 0.6000307787011389
0 0.2956552354127812 0.46082185188672337 0.3006615237858239 0.46191135734072025 0.38763028684641226 0.46033888139151297 0.3851665215047074 0.46191135734072025 0.2939107321838643 0.4634372155791984 0.2949151431338468 0.4620772264591114
0 0.29782264851537493 0.4597757064097333 0.29829842212326135 0.4628095282930044 0.2873556291418736 0.4653202774377805 0.3828048480904024 0.463101072519355 0.38834812071094266 0.46389026998445276 0.3861946191173514 0.46562650440766784 0.2788974316683372 0.46647103746246954
0 0.19067833169401735 0.47189140735049295 0.29809666787458367 0.4482007939556921 0.29928301496091525 0.4490545097537029 0.19919846076858036 0.4716779784009903 0.19197252851546995 0.4725316941990011
0 0.2260530448137219 0.4699705468049686 0.29669462131801 0.4518290860972382 0.29820451760970473 0.4528962308447518 0.2281021897810219 0.47125112050198487
