0 0.42992083707921286 0.44992175273865415 0.4841320380914328 0.5306399802322708 0.5750736689641395 0.6673667737418664 0.7434988179669031 0.9988304093567252 0.7724586288416075 0.9976608187134502 0.5898345153664303 0.6736842105263158 0.4896788329585424 0.5294537155897876 0.4327294431570816 0.4506108505587401
0 0.42475657140182105 0.45090035319321403 0.4563554759731292 0.5134329222395924 0.4775586271160117 0.5531438084261749 0.49481458473537987 0.6154650616809664 0.518757225932253 0.7951722371622486 0.5383858777242843 0.7990139582532974 0.5034425635450639 0.6137576300849447 0.49050059533053786 0.5680838348913647 0.467420752014633 0.5215563238997738 0.43102756650941887 0.45672250006615334
0 0.3984131300085348 0.45008687853819856 0.3971857793487866 0.4680230928759599 0.39482548961850167 0.49866412570296886 0.3905769681039887 0.5485492218298675 0.39592760180995473 0.5484109973274061 0.3992704555908561 0.48027308089227594 0.4000727404982724 0.4505040882749861
0 0.2837030491166852 0.5507912486220877 0.2900178161510262 0.5506822612085769 0.3452650152465139 0.48067632850241543 0.34543632439099603 0.47643868124417316 0.31901298348174834 0.5093137529660147
0 0.22752815353590283 0.5184686957009137 0.1721085506688117 0.5526596042822711 0.1792527895061217 0.55267708831092 0.29389160250572616 0.4784968257218923 0.29352185439467066 0.4760570222147488
0 0.23167538454856262 0.4801154241684702 0.1065649384722152 0.535101676227163 0.04020801623541351 0.5642206734492243 0.04493075121171886 0.5644877032764559 0.1818900655245744 0.5041389623220914 0.2944260932456794 0.45580656359315336 0.29069947816806585 0.45555709045141285
0 0.0002787813907846023 0.5367979697671852 0.00013939069539230115 0.5434182941630806 0.12614857933003254 0.5003861855897606 0.20323163388197507 0.4755599691051528 0.24853360988447298 0.4601125455147302 0.24783665640751149 0.4570782301666115 0.14552388598956242 0.48880061789694357
0 0.3710337691372291 0.5492965640939409 0.37613199495464467 0.5496702352259777 0.38604521182184154 0.496608934476767 0.3941646084940218 0.4534499187265288 0.3922763767097938 0.45307624759449205 0.38472344957288196 0.488014498439923
0 0.26434867332834844 0.5506044130560694 0.26869160643207274 0.5507912486220877 0.3460146979962084 0.46895727070605164 0.3453538168717286 0.4667152439138314
0 0.15124358945309255 0.5534069465463446 0.15898533976842727 0.5526596042822711 0.2405569528470759 0.5046428638155559 0.33760524242047196 0.44829178208679593 0.33615362282775496 0.4460346773366164 0.29312347061507193 0.4714784036113676
