0 0.8012234651848603 0.7498944956893953 0.9980258828690503 0.9657261710978478 0.9989398259852307 0.9024235847350335 0.7981769881309254 0.7131187074214748
0 0.5011980065171554 0.4402648262297385 0.5096284227489901 0.4602848462497585 0.5153078610525419 0.46572888678151836 0.5356296012324381 0.47679258205573993 0.5438825350172868 0.4808317089018843 0.5532891047075444 0.48768066311925956 0.5829286733542053 0.5156033226208665 0.5858571337294741 0.5110373531426163 0.5587910605641102 0.48715382048715383 0.5435275701233148 0.4773194246878458 0.5311037988342953 0.47134854152398015 0.5146866724880909 0.46239221677818165 0.509894646419469 0.45729940466782576 0.5025291248695504 0.441494125704652
0 0.4339579946525656 0.45838673089103954 0.4427413640126004 0.4508742469103068 0.472143320768649 0.4320193851547425 0.47110122609881433 0.4301044382576929 0.4521202160411121 0.44056299438773255 0.43485121865528104 0.4542622298820098
0 0.21410747119966977 0.6436461524180823 0.35857818304626815 0.521117608836907 0.36491050320837554 0.5099786503295275 0.21387294082329544 0.6338995637241251
0 0.3954431960049938 0.4496681779354753 0.39106037665683857 0.4517708127997897 0.39212287831699744 0.4525593008739076 0.4020838313809866 0.46136408436822385 0.4054705554227429 0.46399237794861675 0.40620102531410207 0.46294106051645967 0.40049007889074834 0.45768447335567375 0.394314287991075 0.45242788619488794 0.3939158498685154 0.4517708127997897
0 0.2134026711510809 0.5860010851871948 0.21325034729838416 0.5905226984988244 0.24874180497672493 0.5673117501657925 0.3025121249786747 0.5317417254476398 0.3686206770490605 0.4901428829806475 0.3904029879846945 0.47537227949599087 0.3917739026589652 0.4726593115090131 0.34866625234578735 0.4994875504913487 0.2714380590285394 0.5486224151443903
0 0.14480199475436065 0.4937301795117977 0.1919951072062854 0.48267434756044336 0.2558013713936229 0.46783625730994144 0.2872634463615728 0.4605626836577347 0.2868223892358539 0.45794419714294027 0.14509603283817327 0.4893660353204736
0 0.15009468026298772 0.5091501556544761 0.23374851510767677 0.48325623345261987 0.23683591498770926 0.4803468039917372 0.14921256601154986 0.5059497832475052
0 0.17405878409371586 0.520787873498007 0.2803535513919763 0.48529283407523777 0.2849111416910719 0.4783102033691193 0.17141244133940234 0.5187512728753891
0 0.19846394505016293 0.5481365104303045 0.2569775237288734 0.5193331587675656 0.3434247203697824 0.47947397515347234 0.33328040647824714 0.4786011463152075 0.23477764840102094 0.5190422158214774 0.18714347882337726 0.5388263361554799
